2025-03-04 12:33:48.263 [info] [main] Log level: Info
2025-03-04 12:33:48.263 [info] [main] Validating found git in: "git"
2025-03-04 12:33:48.263 [info] [main] Using git "2.43.0" from "git"
2025-03-04 12:33:48.263 [info] [Model][doInitialScan] Initial repository scan started
2025-03-04 12:33:48.263 [info] > git rev-parse --show-toplevel [2ms]
2025-03-04 12:33:48.263 [info] > git rev-parse --git-dir --git-common-dir [2ms]
2025-03-04 12:33:48.263 [info] [Model][openRepository] Opened repository: /home/sgass/Projects/kepler2
2025-03-04 12:33:48.263 [info] > git config --get commit.template [7ms]
2025-03-04 12:33:48.263 [info] > git for-each-ref --format=%(refname)%00%(upstream:short)%00%(objectname)%00%(upstream:track)%00%(upstream:remotename)%00%(upstream:remoteref) refs/heads/sgass/prod/no-ref/vnp4_runtime_driver_handoff refs/remotes/sgass/prod/no-ref/vnp4_runtime_driver_handoff [12ms]
2025-03-04 12:33:48.263 [info] > git rev-parse --show-toplevel [8ms]
2025-03-04 12:33:48.263 [info] > git rev-parse --show-toplevel [21ms]
2025-03-04 12:33:48.263 [info] > git rev-parse --show-toplevel [6ms]
2025-03-04 12:33:48.263 [info] > git rev-parse --show-toplevel [2ms]
2025-03-04 12:33:48.271 [info] > git rev-parse --show-toplevel [3ms]
2025-03-04 12:33:48.280 [info] > git rev-parse --show-toplevel [3ms]
2025-03-04 12:33:48.288 [info] > git rev-parse --show-toplevel [2ms]
2025-03-04 12:33:48.306 [info] > git rev-parse --show-toplevel [12ms]
2025-03-04 12:33:48.329 [info] > git rev-parse --show-toplevel [2ms]
2025-03-04 12:33:48.337 [info] > git rev-parse --show-toplevel [3ms]
2025-03-04 12:33:48.344 [info] > git rev-parse --show-toplevel [3ms]
2025-03-04 12:33:48.352 [info] > git rev-parse --show-toplevel [2ms]
2025-03-04 12:33:48.364 [info] > git rev-parse --show-toplevel [6ms]
2025-03-04 12:33:48.374 [info] > git rev-parse --show-toplevel [3ms]
2025-03-04 12:33:48.383 [info] > git rev-parse --show-toplevel [3ms]
2025-03-04 12:33:48.390 [info] > git rev-parse --show-toplevel [1ms]
2025-03-04 12:33:48.399 [info] > git rev-parse --show-toplevel [3ms]
2025-03-04 12:33:48.408 [info] > git rev-parse --show-toplevel [2ms]
2025-03-04 12:33:48.417 [info] > git rev-parse --show-toplevel [3ms]
2025-03-04 12:33:48.425 [info] > git rev-parse --show-toplevel [2ms]
2025-03-04 12:33:48.432 [info] > git rev-parse --show-toplevel [2ms]
2025-03-04 12:33:48.439 [info] > git rev-parse --show-toplevel [2ms]
2025-03-04 12:33:48.446 [info] > git rev-parse --show-toplevel [2ms]
2025-03-04 12:33:48.454 [info] > git rev-parse --show-toplevel [3ms]
2025-03-04 12:33:48.464 [info] > git rev-parse --show-toplevel [2ms]
2025-03-04 12:33:48.473 [info] > git rev-parse --show-toplevel [2ms]
2025-03-04 12:33:48.482 [info] > git rev-parse --show-toplevel [4ms]
2025-03-04 12:33:48.489 [info] > git rev-parse --show-toplevel [1ms]
2025-03-04 12:33:48.496 [info] > git rev-parse --show-toplevel [3ms]
2025-03-04 12:33:48.499 [info] [Model][doInitialScan] Initial repository scan completed - repositories (1), closed repositories (0), parent repositories (0), unsafe repositories (0)
2025-03-04 12:33:49.096 [info] > git status -z -uall [906ms]
2025-03-04 12:33:49.111 [info] > git for-each-ref --format=%(refname)%00%(upstream:short)%00%(objectname)%00%(upstream:track)%00%(upstream:remotename)%00%(upstream:remoteref) refs/heads/sgass/prod/no-ref/vnp4_runtime_driver_handoff refs/remotes/sgass/prod/no-ref/vnp4_runtime_driver_handoff [9ms]
2025-03-04 12:33:49.119 [info] > git config --get commit.template [8ms]
2025-03-04 12:33:49.127 [info] > git config --local branch.sgass/prod/no-ref/vnp4_runtime_driver_handoff.vscode-merge-base [10ms]
2025-03-04 12:33:49.133 [info] > git for-each-ref --format=%(refname)%00%(upstream:short)%00%(objectname)%00%(upstream:track)%00%(upstream:remotename)%00%(upstream:remoteref) refs/heads/sgass/prod/no-ref/vnp4_runtime_driver_handoff refs/remotes/sgass/prod/no-ref/vnp4_runtime_driver_handoff [9ms]
2025-03-04 12:33:49.139 [info] > git for-each-ref --format=%(refname)%00%(upstream:short)%00%(objectname)%00%(upstream:track)%00%(upstream:remotename)%00%(upstream:remoteref) refs/heads/origin/develop refs/remotes/origin/develop [7ms]
2025-03-04 12:33:49.486 [info] > git status -z -uall [348ms]
2025-03-04 12:33:49.495 [info] > git for-each-ref --format=%(refname)%00%(upstream:short)%00%(objectname)%00%(upstream:track)%00%(upstream:remotename)%00%(upstream:remoteref) refs/heads/sgass/prod/no-ref/vnp4_runtime_driver_handoff refs/remotes/sgass/prod/no-ref/vnp4_runtime_driver_handoff [4ms]
2025-03-04 12:33:49.500 [info] > git config --local branch.sgass/prod/no-ref/vnp4_runtime_driver_handoff.vscode-merge-base [2ms]
2025-03-04 12:33:49.507 [info] > git for-each-ref --format=%(refname)%00%(upstream:short)%00%(objectname)%00%(upstream:track)%00%(upstream:remotename)%00%(upstream:remoteref) refs/heads/origin/develop refs/remotes/origin/develop [2ms]
2025-03-04 12:33:49.613 [info] > git rev-parse --show-toplevel [2ms]
2025-03-04 12:33:49.621 [info] > git rev-parse --git-dir --git-common-dir [2ms]
2025-03-04 12:33:49.629 [info] [Model][openRepository] Opened repository: /home/sgass/Projects/kepler2/third_party/libhydrogen
2025-03-04 12:33:49.640 [info] > git config --get commit.template [5ms]
2025-03-04 12:33:49.641 [info] > git rev-parse --show-toplevel [2ms]
