2024-08-19 16:19:39.361 [info] [main] Log level: Info
2024-08-19 16:19:39.361 [info] [main] Validating found git in: "git"
2024-08-19 16:19:39.361 [info] [main] Using git "2.34.1" from "git"
2024-08-19 16:19:39.361 [info] [Model][doInitialScan] Initial repository scan started
2024-08-19 16:19:39.361 [info] > git rev-parse --show-toplevel [3ms]
2024-08-19 16:19:39.361 [info] > git rev-parse --git-dir --git-common-dir [4ms]
2024-08-19 16:19:39.361 [info] [Model][openRepository] Opened repository: /home/sgass/Projects/kepler
2024-08-19 16:19:39.362 [info] > git rev-parse --show-toplevel [2ms]
2024-08-19 16:19:39.362 [info] > git config --get commit.template [4ms]
2024-08-19 16:19:39.367 [info] > git for-each-ref --format=%(refname)%00%(upstream:short)%00%(objectname)%00%(upstream:track)%00%(upstream:remotename)%00%(upstream:remoteref) refs/heads/develop refs/remotes/develop [1ms]
2024-08-19 16:19:39.375 [info] > git rev-parse --show-toplevel [1ms]
2024-08-19 16:19:39.379 [info] > git rev-parse --show-toplevel [1ms]
2024-08-19 16:19:39.382 [info] > git rev-parse --show-toplevel [0ms]
2024-08-19 16:19:39.386 [info] > git rev-parse --show-toplevel [1ms]
2024-08-19 16:19:39.389 [info] > git rev-parse --show-toplevel [1ms]
2024-08-19 16:19:39.394 [info] > git rev-parse --show-toplevel [1ms]
2024-08-19 16:19:39.398 [info] > git rev-parse --show-toplevel [0ms]
2024-08-19 16:19:39.401 [info] > git rev-parse --show-toplevel [1ms]
2024-08-19 16:19:39.405 [info] > git rev-parse --show-toplevel [1ms]
2024-08-19 16:19:39.408 [info] > git rev-parse --show-toplevel [1ms]
2024-08-19 16:19:39.412 [info] > git rev-parse --show-toplevel [1ms]
2024-08-19 16:19:39.415 [info] > git rev-parse --show-toplevel [1ms]
2024-08-19 16:19:39.418 [info] > git rev-parse --show-toplevel [1ms]
2024-08-19 16:19:39.421 [info] > git rev-parse --show-toplevel [1ms]
2024-08-19 16:19:39.425 [info] > git rev-parse --show-toplevel [1ms]
2024-08-19 16:19:39.428 [info] > git rev-parse --show-toplevel [1ms]
2024-08-19 16:19:39.431 [info] > git rev-parse --show-toplevel [1ms]
2024-08-19 16:19:39.434 [info] > git rev-parse --show-toplevel [1ms]
2024-08-19 16:19:39.437 [info] > git rev-parse --show-toplevel [1ms]
2024-08-19 16:19:39.440 [info] > git rev-parse --show-toplevel [1ms]
2024-08-19 16:19:39.444 [info] > git rev-parse --show-toplevel [1ms]
2024-08-19 16:19:39.447 [info] > git rev-parse --show-toplevel [1ms]
2024-08-19 16:19:39.451 [info] > git rev-parse --show-toplevel [1ms]
2024-08-19 16:19:39.455 [info] > git rev-parse --show-toplevel [1ms]
2024-08-19 16:19:39.458 [info] > git rev-parse --show-toplevel [0ms]
2024-08-19 16:19:39.462 [info] > git rev-parse --show-toplevel [1ms]
2024-08-19 16:19:39.465 [info] > git rev-parse --show-toplevel [1ms]
2024-08-19 16:19:39.469 [info] > git rev-parse --show-toplevel [1ms]
2024-08-19 16:19:39.472 [info] > git rev-parse --show-toplevel [1ms]
2024-08-19 16:19:39.476 [info] > git rev-parse --show-toplevel [1ms]
2024-08-19 16:19:39.479 [info] > git rev-parse --show-toplevel [1ms]
2024-08-19 16:19:39.482 [info] > git rev-parse --show-toplevel [1ms]
2024-08-19 16:19:39.485 [info] > git rev-parse --show-toplevel [0ms]
2024-08-19 16:19:39.489 [info] > git rev-parse --show-toplevel [1ms]
2024-08-19 16:19:39.494 [info] > git rev-parse --show-toplevel [1ms]
2024-08-19 16:19:39.497 [info] [Model][doInitialScan] Initial repository scan completed - repositories (1), closed repositories (0), parent repositories (0), unsafe repositories (0)
